
Longitude: 31.690364
Latitude: -106.424548
